-2.270000000000000000e+02
-2.030000000000000000e+02
-1.330000000000000000e+02
-3.270000000000000000e+02
-2.590000000000000000e+02
-1.620000000000000000e+02
-5.200000000000000000e+01
-2.800000000000000000e+01
4.200000000000000000e+01
-1.520000000000000000e+02
-8.400000000000000000e+01
1.300000000000000000e+01
-3.000000000000000000e+01
-6.000000000000000000e+00
6.400000000000000000e+01
-1.300000000000000000e+02
-6.200000000000000000e+01
3.500000000000000000e+01
-2.000000000000000000e+01
4.000000000000000000e+00
7.400000000000000000e+01
-1.200000000000000000e+02
-5.200000000000000000e+01
4.500000000000000000e+01
1.200000000000000000e+01
3.600000000000000000e+01
1.060000000000000000e+02
-8.800000000000000000e+01
-2.000000000000000000e+01
7.700000000000000000e+01
-4.000000000000000000e+00
2.000000000000000000e+01
9.000000000000000000e+01
-1.040000000000000000e+02
-3.600000000000000000e+01
6.100000000000000000e+01
